# 2 x 2
1 1
1 0
# 4 x 4
92 17 99 51
62 11 31 50
25 91 26 40
43 75 26 14
# 3 x 3
47 85 49
91 53 9
21 82 53
# 5 x 5
39 36 50 22 1
5 37 19 69 55
79 65 5 58 99
32 50 51 9 94
32 55 21 36 29
# 5 x 5
43 43 45 32 47
64 69 94 69 52
72 52 45 8 10
14 97 19 16 57
14 70 98 2 51
# 5 x 5
5 90 58 77 67
86 88 51 73 23
92 38 47 2 22
7 21 58 51 41
65 17 13 91 85
# 5 x 5
97 76 53 40 58
66 93 76 71 99
61 32 79 94 22
8 75 92 6 96
49 99 47 80 95
# 3 x 3
81 0 7
99 75 60
56 16 78
# 3 x 3
46 34 79
10 6 36
86 38 4
# 5 x 5
42 56 46 9 20
48 24 62 95 31
80 73 84 6 29
5 16 60 9 55
76 31 39 76 32
