# 2 x 2
2 1
1 2
# 4 x 4
70 82 91 85
82 49 70 8
68 60 57 83
0 74 8 43
# 3 x 3
78 25 68
17 45 17
54 36 85
# 5 x 5
30 41 0 99 81
24 95 61 60 30
48 35 29 84 17
69 23 64 92 13
88 81 54 0 96
# 5 x 5
84 97 19 1 57
21 24 37 97 53
56 95 73 0 59
20 34 4 1 70
34 75 28 15 96
# 5 x 5
1 33 44 48 3
59 51 54 10 66
43 79 84 35 2
56 84 65 81 57
21 83 95 55 53
# 5 x 5
13 36 59 13 10
59 48 22 27 42
69 2 46 19 55
69 74 74 65 93
99 97 47 56 11
# 3 x 3
46 8 37
64 86 93
2 28 93
# 3 x 3
23 3 83
81 16 7
48 36 77
# 5 x 5
40 68 56 26 59
63 39 84 39 5
38 71 11 75 13
59 68 80 9 51
66 16 24 1 59
