# 2 x 2
1 1
0 3
# 4 x 4
17 24 34 35
77 56 23 58
46 72 39 80
36 11 35 40
# 3 x 3
35 40 98
76 27 55
96 34 82
# 5 x 5
17 89 63 42 8
20 0 30 26 64
88 15 45 85 16
2 11 37 46 47
74 28 58 94 44
# 5 x 5
41 24 36 20 62
69 57 41 17 16
77 76 57 88 87
97 6 28 43 12
86 64 23 66 4
# 5 x 5
69 75 63 31 1
84 67 44 4 6
54 96 96 65 52
36 90 1 13 77
72 99 55 48 44
# 5 x 5
33 99 85 4 57
93 42 1 12 1
87 91 71 70 0
5 22 55 16 93
48 28 21 50 88
# 3 x 3
58 14 53
0 7 41
86 99 3
# 3 x 3
7 86 70
85 16 69
67 1 11
# 5 x 5
22 71 51 65 68
68 14 64 71 17
64 22 12 5 28
40 26 83 19 0
63 95 21 65 25
