# 2 x 2
4 2
3 1
# 4 x 4
20 79 15 77
10 40 75 11
43 32 68 42
96 41 93 21
# 3 x 3
63 4 24
85 31 4
15 54 15
# 5 x 5
14 51 22 9 88
90 17 51 83 23
91 36 80 55 71
73 22 37 80 38
39 91 63 37 46
# 5 x 5
46 55 49 4 64
39 24 22 93 56
94 66 61 92 52
9 19 32 51 36
54 45 1 13 34
# 5 x 5
2 93 75 11 39
20 9 10 73 87
44 45 7 72 11
32 3 49 74 63
55 77 23 9 58
# 5 x 5
43 48 23 88 43
92 77 43 81 91
27 40 18 70 63
62 59 10 23 29
77 3 43 36 76
# 3 x 3
71 69 55
30 30 1
32 84 36
# 3 x 3
39 19 68
96 12 9
40 92 80
# 5 x 5
48 30 98 80 31
95 41 15 0 51
12 24 91 44 52
79 72 8 78 56
39 70 77 18 1
