#1
21 17
 16 14
#2
49469 53022 55378 56451
 27193 34112 31167 36128
 40201 39103 43980 38464
 25104 25233 27643 22722
#3
42947 22176 33089
 29248 12724 21480
 41666 22288 29498
#4
37900 27270 37228 44900 35338
 49019 24756 42988 54456 39843
 44781 39704 47689 55225 46360
 51412 37312 49294 55951 44267
 48930 39000 48380 52355 44187
#5
55171 42622 31643 41286 40514
 72136 48445 41022 59749 47573
 57698 46496 36201 46685 46120
 40621 30831 17925 30997 22555
 63764 49877 32631 52993 40404
#6
40604 48683 29686 38562 42745
 51988 73112 49423 43472 46040
 40155 57708 42163 37213 32162
 48869 65431 41277 44652 48510
 54544 75142 46456 46676 54060
#7
53899 50571 34573 44131 45978
 70948 60301 43820 54281 66726
 47616 51071 38934 43651 50417
 80723 62406 46357 63204 71524
 80586 71696 48598 59424 72730
#8
21815 18889 15768
 43911 47485 30333
 28980 37735 14781
#9
27205 23347 27150
 12769 14170 18187
 28225 23675 31635
#10
45927 36259 43447 35644 28724
 48753 40464 52276 43708 35393
 52875 39076 50230 43332 34702
 41766 36778 42618 32648 27012
 40834 42386 47285 42036 28972
